5121072352561734|10|2025|712
5121072352564670|08|2024|962
5121072352568457|10|2034|479
5121072352563789|09|2027|116
5121072352567459|07|2033|913
5121072352560397|04|2029|525
5121072352567152|10|2034|688
5121072352561759|12|2034|108
5121072352568960|02|2030|398
5121072352560124|07|2034|521
5121072352568903|07|2027|639
5121072352569083|12|2032|778
5121072352569612|08|2034|975
5121072352566873|02|2030|539
5121072352569687|01|2029|517
5121072352560637|02|2024|214
5121072352568903|07|2027|297
5121072352565768|12|2032|444
5121072352565867|01|2029|234
5121072352562179|09|2025|392
5121072352564035|12|2025|450
5121072352569265|11|2024|178
5121072352564936|10|2029|854
5121072352563516|11|2029|919
5121072352561460|03|2027|795
5121072352566782|04|2033|415
5121072352565412|11|2032|436
5121072352563987|06|2029|635
5121072352560165|12|2026|788
5121072352562765|05|2034|644
5121072352561957|05|2030|454
5121072352567905|09|2031|589
5121072352566410|04|2027|753
5121072352569018|08|2028|383
5121072352567590|08|2028|474
5121072352563201|12|2033|753
5121072352563870|02|2024|907
5121072352564167|09|2031|934
5121072352562815|07|2024|900
5121072352566543|06|2026|199
5121072352561254|06|2030|945
5121072352568135|09|2034|742
5121072352561387|01|2028|614
5121072352568234|05|2035|851
5121072352561098|03|2035|292
5121072352568234|06|2031|992
5121072352567806|11|2026|900
5121072352566402|01|2029|311
5121072352564910|10|2027|537
5121072352566758|01|2031|673
5121072352563912|09|2030|134
5121072352561478|03|2025|930
5121072352562690|12|2032|542
5121072352566923|04|2024|183
5121072352564951|02|2035|225
5121072352561650|11|2026|266
5121072352562435|08|2027|617
5121072352562104|03|2028|209
5121072352561809|08|2034|985
5121072352565917|07|2024|828
5121072352560983|09|2025|198
5121072352563706|03|2032|395
5121072352566923|04|2026|529
5121072352569018|10|2028|836
5121072352562658|06|2035|811
5121072352563789|04|2026|349
5121072352566493|03|2025|302
5121072352563169|03|2024|942
5121072352562369|11|2029|879
5121072352566824|05|2035|369
5121072352564738|07|2028|226
5121072352569257|09|2026|417
5121072352561726|03|2026|980
5121072352566832|04|2028|684
5121072352564613|05|2030|128
5121072352562476|05|2028|122
5121072352565289|07|2031|808
5121072352567301|01|2035|507
5121072352567350|08|2028|137
5121072352564639|12|2029|827
5121072352560926|01|2027|873
5121072352568432|06|2026|152
5121072352567962|12|2026|719
5121072352565149|06|2028|344
5121072352563904|02|2028|550
5121072352562187|08|2025|500
5121072352563821|05|2034|403
5121072352560157|12|2028|525
5121072352567145|03|2030|599
5121072352564639|10|2026|789
5121072352565834|04|2024|514
5121072352567103|09|2027|703
5121072352562385|10|2034|494
5121072352566402|03|2034|239
5121072352567913|05|2024|473
5121072352565032|04|2029|954
5121072352567541|12|2031|492
5121072352562716|12|2025|504
5121072352565917|06|2027|419
5121072352562138|12|2026|116
5121072352566352|09|2025|309
5121072352560298|10|2031|910
5121072352569463|04|2028|225
5121072352560835|12|2026|341
5121072352569380|01|2027|458
5121072352569356|03|2030|340
5121072352566832|05|2025|229
5121072352560249|08|2033|287
5121072352561650|03|2027|639
5121072352564902|04|2030|452
5121072352564530|08|2028|271
5121072352566980|11|2035|199
5121072352562948|03|2033|791
5121072352563698|02|2028|639
5121072352567152|09|2032|873
5121072352562104|12|2029|949
5121072352566147|10|2034|700
5121072352565743|01|2028|360
5121072352561536|02|2029|760
5121072352565479|09|2030|815
5121072352568309|01|2034|634
5121072352561734|07|2028|370
5121072352561643|11|2029|645
5121072352562948|05|2024|474
5121072352563748|08|2030|481
5121072352563607|07|2024|307
5121072352567103|06|2030|428
5121072352567624|05|2025|810
5121072352564308|12|2024|584
5121072352569182|05|2032|656
5121072352560132|01|2035|727
5121072352563409|12|2033|394
5121072352564290|10|2029|517
5121072352560876|03|2025|234
5121072352566378|11|2029|802
5121072352568705|10|2031|117
5121072352561320|03|2035|207
5121072352567095|05|2026|162
5121072352568432|08|2026|395
5121072352564183|08|2032|740
5121072352568903|10|2032|572
5121072352565784|10|2032|189
5121072352563847|12|2027|285
5121072352562641|01|2024|957
5121072352568796|09|2033|228
5121072352567095|07|2029|703
5121072352561593|07|2025|517
5121072352568275|08|2029|915
5121072352562708|04|2030|759
5121072352565149|08|2028|357
5121072352563680|10|2031|573
5121072352569026|02|2024|295
5121072352565602|07|2027|958
5121072352562419|03|2025|788
5121072352564589|02|2025|410
5121072352561502|03|2033|538
5121072352562179|04|2030|491
5121072352561205|11|2027|586
5121072352564175|07|2028|723
5121072352569075|02|2026|869
5121072352567806|11|2032|528
5121072352560132|12|2031|609
5121072352564860|09|2033|294
5121072352561692|10|2035|115
5121072352566394|01|2024|845
5121072352565198|10|2035|361
5121072352561593|01|2028|815
5121072352567913|06|2034|586
5121072352569182|06|2024|530
5121072352567392|07|2029|201
5121072352562039|05|2028|465
5121072352561296|12|2035|959
5121072352560421|09|2025|719
5121072352566170|08|2033|877
5121072352565479|01|2026|854
5121072352562914|06|2035|679
5121072352561536|06|2032|777
5121072352564506|11|2027|926
5121072352569356|12|2033|105
5121072352567293|08|2030|468
5121072352561023|08|2033|247
5121072352562450|05|2025|650
5121072352562948|09|2026|662
5121072352562971|04|2024|696
5121072352565768|04|2028|337
5121072352568127|08|2033|833
5121072352564019|04|2029|969
5121072352566592|05|2025|345
5121072352567384|06|2026|884
5121072352564795|11|2024|636
5121072352569703|06|2033|921
5121072352568176|12|2032|204
5121072352561072|05|2028|281
5121072352563581|01|2028|776
5121072352566907|09|2033|378
5121072352562534|06|2025|985
5121072352566295|03|2028|652
5121072352565396|09|2035|699
5121072352563169|09|2027|562
5121072352565396|12|2033|889
5121072352567368|08|2027|500
5121072352561908|02|2029|404
5121072352562187|10|2033|732
5121072352561957|04|2034|948
5121072352567152|01|2025|868
5121072352568127|09|2032|275
5121072352561759|11|2030|837
5121072352567905|02|2027|872
5121072352565214|08|2029|277
5121072352565172|10|2034|980
5121072352563508|06|2035|174
5121072352565123|06|2027|781
5121072352564902|06|2028|412
5121072352565941|03|2034|244
5121072352561064|02|2034|687
5121072352560736|03|2033|812
5121072352565024|05|2025|787
5121072352568150|08|2035|459
5121072352565206|04|2024|232
5121072352566352|06|2030|881
5121072352563961|01|2028|184
5121072352562807|10|2030|562
5121072352569018|05|2031|537
5121072352562419|04|2033|400
5121072352560769|09|2025|570
5121072352566352|10|2035|608
5121072352569406|05|2032|252
5121072352562351|07|2027|147
5121072352561874|10|2027|499
5121072352565768|02|2028|250
5121072352565982|08|2027|306
5121072352560132|10|2030|957
5121072352565438|04|2028|533
5121072352565172|05|2034|733
5121072352564852|05|2029|277
5121072352568036|06|2031|347
5121072352563672|02|2026|516
5121072352565982|07|2035|653
5121072352562971|11|2032|621
5121072352560967|01|2025|910
5121072352566105|11|2030|984
5121072352565487|07|2027|668
5121072352565032|05|2029|613
5121072352562054|01|2035|752
5121072352561825|12|2034|211
5121072352566493|08|2030|206
5121072352565370|09|2025|782
5121072352563920|02|2030|226
5121072352560876|10|2024|780
5121072352560694|11|2030|301
5121072352569638|03|2035|478
5121072352561205|05|2033|834
5121072352561890|09|2025|394
5121072352565123|04|2029|512
5121072352560124|06|2035|470
5121072352567913|01|2024|391
5121072352560512|12|2032|257
5121072352561460|07|2027|148
5121072352567541|10|2029|153
5121072352568325|03|2031|877
5121072352567384|12|2027|173
5121072352563276|08|2028|342
5121072352561924|10|2027|746
5121072352567863|02|2028|856
5121072352561957|07|2030|321
5121072352568259|06|2031|261
5121072352566857|02|2025|414
5121072352563789|11|2035|647
5121072352561940|02|2033|694
5121072352568150|06|2035|712
5121072352563185|12|2024|623
5121072352563961|07|2034|804
5121072352563912|11|2028|103
5121072352567459|01|2030|513
5121072352565891|01|2030|544
5121072352568036|03|2034|567
5121072352561320|10|2030|960
5121072352568945|11|2027|880
5121072352564019|04|2035|105
5121072352560843|01|2026|889
5121072352564365|10|2027|154
5121072352569240|02|2032|488
5121072352567301|01|2028|284
5121072352561452|09|2034|702
5121072352569257|01|2031|856
5121072352561387|07|2026|550
5121072352564951|02|2030|562
5121072352564258|06|2033|712
5121072352569158|01|2033|905
5121072352566485|05|2034|265
5121072352563946|11|2024|796
5121072352566238|05|2024|299
5121072352565172|07|2034|385
5121072352562369|01|2034|598
5121072352569034|12|2031|964
5121072352563201|07|2028|884
5121072352564597|05|2032|260
5121072352562674|04|2029|249
5121072352565164|12|2030|309
5121072352569067|07|2030|204
5121072352562765|10|2030|447
5121072352566253|05|2029|629
5121072352569752|09|2034|666
5121072352567012|07|2028|265
5121072352561973|03|2028|280
5121072352568259|07|2025|349
5121072352560132|09|2034|373
5121072352561635|01|2027|104
5121072352562039|07|2024|731
5121072352568572|03|2033|421
5121072352565180|05|2034|184
5121072352566543|08|2027|707
5121072352560397|06|2029|769
5121072352563482|10|2035|200
5121072352568960|08|2029|661
5121072352561726|11|2024|838
5121072352569315|01|2031|679
5121072352563102|03|2028|431
5121072352566527|03|2028|700
5121072352560173|01|2028|283
5121072352569257|04|2030|590
5121072352562609|01|2024|483
5121072352567863|08|2028|518
5121072352562054|12|2025|465
5121072352562708|04|2028|980
5121072352565024|09|2028|366
5121072352562310|12|2027|562
5121072352566592|03|2025|356
5121072352564126|06|2031|678
5121072352569570|01|2034|177
5121072352566147|06|2029|989
5121072352569513|01|2026|308
5121072352563706|05|2034|771
5121072352564068|06|2030|428
5121072352568234|06|2035|652
5121072352567368|03|2032|406
5121072352568671|02|2029|640
5121072352563029|07|2029|540
5121072352560751|03|2026|166
5121072352569786|03|2035|208
5121072352560264|08|2025|923
5121072352566238|01|2028|597
5121072352561973|04|2031|308
5121072352560918|03|2034|236
5121072352566543|12|2033|834
5121072352566451|10|2027|387
5121072352562641|09|2026|687
5121072352563508|07|2024|418
5121072352567491|10|2030|214
5121072352563672|03|2024|370
5121072352569653|06|2026|147
5121072352569620|06|2027|334
5121072352568937|12|2034|631
5121072352567541|08|2031|459
5121072352567129|01|2030|377
5121072352563086|03|2034|632
5121072352563912|02|2027|302
5121072352566097|12|2025|472
5121072352560512|05|2032|744
5121072352564639|04|2025|165
5121072352566329|11|2026|231
5121072352564530|09|2027|806
5121072352563854|07|2024|635
5121072352564902|06|2032|733
5121072352560652|07|2026|433
5121072352569380|10|2030|228
5121072352566501|11|2025|288
5121072352565321|12|2032|786
5121072352565297|08|2028|548
5121072352565982|09|2031|725
5121072352560934|11|2026|132
5121072352569547|04|2027|483
5121072352568630|09|2030|748
5121072352566592|05|2033|792
5121072352569430|02|2031|161
5121072352569521|03|2025|277
5121072352569307|01|2032|850
5121072352562476|06|2035|672
5121072352561742|09|2033|458
5121072352567392|01|2030|721
5121072352567194|12|2026|260
5121072352564126|12|2035|798
5121072352564597|06|2024|998
5121072352562583|09|2025|110
5121072352561064|05|2029|758
5121072352561593|11|2024|557
5121072352560892|06|2033|910
5121072352560769|11|2032|930
5121072352569802|03|2032|877
5121072352565123|04|2026|372
5121072352565248|08|2029|128
5121072352566014|10|2024|421
5121072352564837|09|2031|773
5121072352567251|12|2029|946
5121072352564209|10|2028|331
5121072352564753|10|2034|660
5121072352561346|11|2028|943
5121072352564910|02|2029|587
5121072352568572|01|2028|937
5121072352562609|08|2033|964
5121072352564597|07|2032|858
5121072352566170|09|2029|263
5121072352566501|08|2030|975
5121072352560751|01|2032|401
5121072352562039|03|2032|814
5121072352562013|07|2028|958
5121072352562013|03|2028|895
5121072352569158|08|2024|695
5121072352569638|11|2026|625
5121072352562617|02|2030|539
5121072352568309|05|2027|546
5121072352568317|03|2028|340
5121072352562963|05|2030|213
5121072352569356|03|2027|760
5121072352569521|06|2032|953
5121072352561825|11|2025|716
5121072352562716|10|2032|137
5121072352563524|01|2025|561
5121072352563094|10|2034|140
5121072352561502|08|2031|638
5121072352563714|03|2034|443
5121072352563201|10|2025|855
5121072352560843|06|2031|628
5121072352560538|08|2027|627
5121072352567194|02|2029|660
5121072352562948|02|2033|466
5121072352560983|08|2030|827
5121072352569380|11|2028|631
5121072352567954|02|2031|170
5121072352567053|12|2026|611
5121072352563250|08|2033|747
5121072352561429|10|2028|313
5121072352567129|12|2029|355
5121072352562013|09|2034|121
5121072352562740|07|2030|752
5121072352564365|04|2034|269
5121072352560397|12|2027|256
5121072352566105|06|2024|892
5121072352562906|12|2026|505
5121072352562450|12|2035|521
5121072352567582|11|2024|855
5121072352561742|10|2035|928
5121072352568069|08|2031|793
5121072352564126|08|2024|979
5121072352565321|02|2024|944
5121072352563185|01|2030|353
5121072352562781|11|2033|696
5121072352561254|02|2029|759
5121072352566170|09|2028|516
5121072352565834|08|2033|561
5121072352566238|05|2034|392
5121072352562609|08|2035|383
5121072352561684|03|2035|430
5121072352566295|10|2028|862
5121072352566782|03|2027|547
5121072352566147|01|2026|342
5121072352569638|08|2028|115
5121072352568309|11|2029|648
5121072352561049|05|2035|205
5121072352568192|10|2025|870
5121072352560256|08|2029|941
5121072352567608|11|2032|166
5121072352560496|09|2024|587
5121072352560538|11|2024|167
5121072352562138|09|2033|828
5121072352561379|05|2024|489
5121072352567368|03|2027|201
5121072352565487|09|2030|612
5121072352564829|02|2029|116
5121072352569745|01|2026|124
5121072352564852|06|2026|240
5121072352567392|02|2034|179
5121072352566824|12|2035|905
5121072352563052|07|2031|240
5121072352562963|08|2033|376
5121072352562674|01|2025|863
5121072352567368|12|2027|274
5121072352569240|05|2027|155
5121072352569240|04|2035|734
5121072352560918|01|2031|477
5121072352566725|10|2030|486
5121072352566725|12|2028|284
5121072352564720|01|2031|169
5121072352569083|06|2028|720
5121072352561973|07|2025|486
5121072352562807|11|2033|613
5121072352566972|12|2025|425
5121072352560421|01|2027|783
5121072352565834|01|2032|788
5121072352562740|06|2035|328
5121072352568754|09|2026|453
5121072352560892|09|2032|541
5121072352566543|07|2025|154
5121072352567582|09|2029|682
5121072352565867|09|2035|373
5121072352569257|02|2026|629
5121072352568317|06|2029|142
5121072352566279|12|2031|143
5121072352563086|12|2024|942
5121072352561205|06|2024|660
5121072352568713|05|2033|339
5121072352569273|10|2027|228
5121072352561783|08|2031|471
5121072352565016|03|2030|250
5121072352561932|03|2033|553
5121072352564910|09|2033|431
5121072352569653|12|2027|312
5121072352563219|08|2030|333
5121072352562369|03|2032|780
5121072352561346|04|2030|641
5121072352566139|03|2027|280
5121072352568473|11|2025|436
5121072352560876|03|2035|395
5121072352566840|07|2028|322
5121072352569802|10|2029|193
5121072352567145|10|2026|943
5121072352560629|11|2029|341
5121072352563698|01|2025|936
5121072352568259|02|2028|634
5121072352564902|01|2031|890
5121072352569182|07|2030|176
5121072352560769|12|2027|289
5121072352564852|07|2025|723
5121072352564027|01|2032|972
5121072352568671|01|2032|943
5121072352565834|02|2025|204
5121072352565149|04|2024|703
5121072352566980|11|2029|508
5121072352563540|12|2031|610
5121072352566279|01|2028|798
5121072352565347|08|2028|202
5121072352569786|09|2034|126
5121072352562435|04|2026|925
5121072352565461|06|2030|177
5121072352562179|08|2025|889
5121072352568069|02|2032|251
5121072352563102|05|2030|226
5121072352568416|12|2024|982
5121072352563987|07|2026|179
5121072352568432|06|2035|647
5121072352568127|03|2031|170
5121072352561098|10|2030|430
5121072352561569|01|2031|876
5121072352564753|04|2031|678
5121072352566253|01|2033|934
5121072352560652|02|2033|183
5121072352560421|07|2034|362
5121072352561874|03|2033|215
5121072352564761|10|2035|446
5121072352568036|11|2033|490
5121072352563870|07|2030|153
5121072352561239|03|2032|665
5121072352565479|07|2035|419
5121072352567384|04|2035|616
5121072352562906|03|2026|719
5121072352560462|12|2035|936
5121072352565123|07|2033|692
5121072352566402|09|2025|549
5121072352560538|10|2034|679
5121072352565206|07|2028|866
5121072352562153|09|2027|678
5121072352569612|06|2035|943
5121072352567368|05|2025|421
5121072352562187|07|2026|127
5121072352568176|12|2025|565
5121072352568036|01|2034|722
5121072352563201|01|2034|163
5121072352568150|05|2025|900
5121072352560637|05|2032|917
5121072352567582|01|2026|350
5121072352562658|11|2035|320
5121072352563805|01|2034|967
5121072352565891|04|2028|225
5121072352567152|09|2033|703
5121072352560413|01|2031|369
5121072352561650|03|2024|964
5121072352564076|08|2025|988
5121072352569406|05|2026|709
5121072352566527|09|2030|858
5121072352567962|11|2025|963
5121072352569281|09|2027|661
5121072352561528|09|2029|613
5121072352563128|03|2024|407
5121072352567236|02|2026|244
5121072352562906|03|2033|185
5121072352565867|08|2027|461
5121072352560264|01|2031|185
5121072352561403|12|2028|260
5121072352566501|09|2032|713
5121072352561437|07|2035|909
5121072352565610|06|2030|169
5121072352561403|05|2029|372
5121072352562831|11|2028|953
5121072352565081|10|2035|403
5121072352568291|09|2028|507
5121072352567640|10|2035|944
5121072352566154|11|2024|977
5121072352560926|02|2028|345
5121072352568341|03|2027|132
5121072352564217|12|2033|595
5121072352566519|06|2033|689
5121072352562401|12|2035|255
5121072352561783|08|2035|372
5121072352561296|11|2033|849
5121072352563714|03|2027|778
5121072352569083|06|2026|342
5121072352562435|04|2024|771
5121072352560298|11|2026|209
5121072352560397|08|2035|638
5121072352567509|09|2028|620
5121072352563706|02|2033|671
5121072352567483|08|2029|662
5121072352564076|03|2034|481
5121072352565438|12|2025|498
5121072352568390|05|2026|549
5121072352566071|07|2024|519
5121072352566170|01|2028|981
5121072352562583|03|2032|841
5121072352569158|08|2026|487
5121072352565370|11|2025|283
5121072352562385|02|2029|188
5121072352565701|01|2034|788
5121072352568275|07|2033|203
5121072352560579|10|2026|599
5121072352566907|09|2027|857
5121072352563508|08|2028|167
5121072352561460|11|2024|662
5121072352568721|12|2025|280
5121072352568069|07|2030|897
5121072352567806|12|2030|971
5121072352568762|01|2033|563
5121072352568143|01|2033|154
5121072352561627|06|2026|992
5121072352563847|01|2027|666
5121072352561825|10|2028|906
5121072352566824|08|2024|181
5121072352568473|08|2028|791
5121072352563086|08|2035|125
5121072352560751|09|2028|669
5121072352566410|06|2035|845
5121072352563425|01|2033|883
5121072352560629|12|2028|208
5121072352560496|01|2025|923
5121072352566048|02|2026|225
5121072352568150|08|2035|782
5121072352561072|09|2027|163
5121072352561809|02|2028|588
5121072352564092|06|2025|978
5121072352565289|12|2034|764
5121072352561643|05|2032|422
5121072352560173|09|2032|245
5121072352566782|03|2033|348
5121072352566931|04|2028|629
5121072352569034|03|2031|721
5121072352569034|06|2031|134
5121072352564712|02|2033|905
5121072352560793|01|2028|445
5121072352569018|08|2025|308
5121072352564159|04|2027|349
5121072352567293|03|2030|785
5121072352561304|02|2030|823
5121072352561098|08|2028|981
5121072352560132|07|2031|778
5121072352569562|12|2026|872
5121072352565842|08|2034|260
5121072352566238|08|2026|172
5121072352564605|08|2025|602
5121072352563524|03|2024|884
5121072352567541|01|2030|943
5121072352568739|04|2031|434
5121072352560918|05|2027|682
5121072352566519|06|2033|304
5121072352567905|04|2032|221
5121072352569703|07|2032|986
5121072352560793|03|2025|320
5121072352566253|09|2030|211
5121072352566840|11|2030|794
5121072352568952|02|2024|593
5121072352562591|01|2029|795
5121072352565370|06|2024|997
5121072352563219|11|2032|879
5121072352568705|09|2034|538
5121072352567236|11|2031|895
5121072352567160|12|2028|678
5121072352564639|03|2025|122
5121072352561056|10|2030|912
5121072352561239|05|2024|366
5121072352563714|04|2026|245
5121072352563276|10|2032|174
5121072352561049|10|2031|722
5121072352565214|08|2026|553
5121072352569018|03|2026|432
5121072352564308|10|2032|862
5121072352569075|01|2025|452
5121072352561379|05|2028|875
5121072352563052|03|2030|806
5121072352560249|11|2029|932
5121072352565214|06|2032|261
5121072352560942|09|2032|933
5121072352564936|09|2033|861
5121072352566527|10|2030|846
5121072352566931|03|2025|660
5121072352564795|07|2028|368
5121072352565420|02|2024|230
5121072352560785|04|2026|890
5121072352561684|07|2027|199
5121072352565461|02|2028|530
5121072352568507|12|2030|953
5121072352560348|08|2030|395
5121072352568036|08|2034|976
5121072352567863|09|2024|865
5121072352568457|12|2026|551
5121072352562567|02|2024|806
5121072352567954|04|2026|566
5121072352563458|01|2027|124
5121072352561692|08|2028|540
5121072352569547|02|2028|645
5121072352564910|05|2027|964
5121072352562468|05|2028|584
5121072352569257|10|2029|710
5121072352560751|12|2031|214
5121072352569687|09|2028|980
5121072352561874|05|2032|249
5121072352564506|05|2032|162
5121072352562401|05|2030|282
5121072352566931|02|2035|893
5121072352562849|08|2027|290
5121072352564159|11|2029|841
5121072352567053|11|2035|639
5121072352563417|03|2032|132
5121072352569265|05|2035|332
5121072352561478|04|2028|524
5121072352563029|02|2026|266
5121072352566519|12|2034|150
5121072352565917|10|2035|633
5121072352569034|01|2033|719
5121072352561379|09|2035|375
5121072352568325|07|2028|753
5121072352562617|10|2030|945
5121072352562591|03|2027|237
5121072352561239|08|2032|959
5121072352566493|01|2027|586
5121072352569158|07|2026|788
5121072352567590|01|2028|814
5121072352565784|01|2025|362
5121072352568341|08|2032|425
5121072352560728|01|2029|122
5121072352564670|03|2025|713
5121072352565362|03|2031|365
5121072352566204|03|2034|772
5121072352568069|11|2035|771
5121072352566329|04|2031|786
5121072352564589|08|2024|497
5121072352563185|12|2031|722
5121072352567392|06|2028|800
5121072352562971|04|2035|260
5121072352566394|10|2026|831
5121072352569075|10|2034|687
5121072352565461|07|2025|402
5121072352565719|03|2024|169
5121072352562583|07|2028|318
5121072352563029|12|2026|960
5121072352565768|06|2033|980
5121072352565628|11|2026|269
5121072352564209|05|2030|968
5121072352560967|01|2027|940
5121072352560819|09|2033|213
5121072352563201|05|2024|337
5121072352567269|12|2034|863
5121072352564829|01|2029|921
5121072352562690|03|2032|432
5121072352562187|09|2028|706
5121072352562609|05|2033|632
5121072352569513|06|2024|354
5121072352564159|07|2031|199
5121072352568416|04|2029|995
5121072352563490|09|2031|934
5121072352565941|02|2027|551
5121072352563748|07|2034|187
5121072352566170|06|2024|988
5121072352566907|03|2029|208
5121072352564837|07|2031|833
5121072352560942|08|2030|700
5121072352561973|02|2032|494
5121072352560843|12|2031|527
5121072352560892|12|2034|643
5121072352563458|03|2035|945
5121072352567913|07|2031|609
5121072352565396|02|2025|110
5121072352561965|12|2031|248
5121072352568630|12|2029|326
5121072352560892|12|2026|450
5121072352561908|11|2033|492
5121072352562104|06|2027|329
5121072352560348|02|2033|420
5121072352567012|08|2034|243
5121072352565370|07|2033|872
5121072352567863|04|2034|767
5121072352564126|05|2034|317
5121072352562864|11|2026|974
5121072352566519|11|2032|135
5121072352566782|03|2028|300
5121072352565347|06|2032|650
5121072352567038|10|2029|237
5121072352562716|01|2029|117
5121072352562906|05|2028|119
5121072352565297|08|2030|790
5121072352563029|01|2033|678
5121072352568275|08|2035|451
5121072352564639|08|2026|895
5121072352569703|08|2024|327
5121072352563706|02|2031|573
5121072352562138|10|2025|362
5121072352569547|07|2034|688
5121072352560918|07|2035|877
5121072352567459|04|2031|586
5121072352563219|11|2033|223
5121072352565792|08|2026|360
5121072352561023|02|2024|284
5121072352564357|11|2027|687
5121072352562690|11|2033|501
5121072352566287|03|2025|606
5121072352566170|10|2031|603
5121072352568705|06|2033|564
5121072352569125|04|2027|761
5121072352563219|04|2035|326
5121072352561452|02|2029|166
5121072352569158|02|2031|217
5121072352565826|10|2024|929
5121072352567814|10|2026|306
5121072352560421|10|2024|663
5121072352565768|05|2034|415
5121072352566519|01|2033|603
5121072352562930|08|2032|184
5121072352568341|01|2030|676
5121072352565701|02|2028|793
5121072352566378|03|2024|758
5121072352569604|01|2028|545
5121072352569687|02|2031|717
5121072352564563|02|2028|824
5121072352566287|02|2033|571
5121072352569067|07|2027|212
5121072352569067|10|2033|847
5121072352564852|06|2028|445
5121072352567293|11|2034|968
5121072352567012|08|2034|420
5121072352564795|03|2024|597
5121072352563581|11|2031|265
5121072352562039|09|2034|579
5121072352563417|07|2025|749
5121072352561403|01|2027|270
5121072352562831|04|2026|429
5121072352565123|10|2029|571
5121072352568275|01|2026|253
5121072352566519|07|2033|462
5121072352565081|07|2026|509
5121072352561908|07|2034|965
5121072352562740|08|2029|161
5121072352564530|04|2031|908
5121072352560298|06|2035|819
5121072352566378|05|2035|773
5121072352561973|02|2028|558
5121072352561809|06|2032|987
5121072352569786|01|2026|795
5121072352562674|01|2034|552
5121072352566832|09|2035|963
5121072352565693|02|2035|920
5121072352567814|08|2032|978
5121072352567426|07|2028|974
5121072352569620|12|2030|713
5121072352562385|08|2027|809
5121072352563805|04|2030|148
5121072352560769|03|2030|822
5121072352563276|08|2024|265
5121072352561809|04|2030|197
5121072352563987|05|2027|944
5121072352568457|04|2025|993
5121072352569182|02|2025|386
5121072352564613|09|2033|680
5121072352569604|10|2030|247
5121072352565834|04|2032|823
5121072352563946|05|2031|276
5121072352567046|02|2035|732
5121072352568614|01|2029|449
5121072352567319|03|2033|831
5121072352562369|06|2031|154
5121072352563904|06|2025|541
5121072352560496|12|2030|635
5121072352566014|07|2030|822
5121072352566253|09|2033|679
5121072352568630|07|2034|219
5121072352568069|03|2029|792
5121072352564837|03|2030|218
5121072352561437|10|2024|911
5121072352560918|08|2028|341
5121072352567830|01|2033|196
5121072352566352|09|2035|609
5121072352564852|11|2027|708
5121072352561502|06|2033|384
5121072352569620|09|2026|406
5121072352569380|10|2028|954
5121072352565123|01|2029|955
5121072352569372|03|2029|946
5121072352562807|03|2027|289
5121072352564530|07|2027|348
5121072352560579|04|2032|904
5121072352561593|06|2031|421
5121072352562450|10|2028|234
5121072352562765|02|2027|241
5121072352569356|06|2029|636
5121072352564530|08|2029|243
5121072352566048|06|2031|785
5121072352567426|06|2030|853
5121072352569562|01|2033|760
5121072352564795|06|2035|463
5121072352563698|06|2032|855
5121072352568317|04|2026|658
5121072352567038|12|2033|973
5121072352569703|07|2035|529
5121072352565164|09|2035|609
5121072352567582|03|2027|367
5121072352560785|04|2029|940
5121072352565891|12|2033|128
5121072352566832|09|2031|608
5121072352568671|04|2031|498
5121072352569810|03|2029|594
5121072352561049|04|2029|668
5121072352565693|11|2030|867
5121072352560728|06|2030|262
5121072352561346|06|2025|587
5121072352561627|04|2025|562
5121072352565164|12|2035|366
5121072352564506|08|2028|658
5121072352566170|07|2026|512
5121072352562518|04|2027|676
5121072352564597|12|2033|871
5121072352560728|11|2031|188
5121072352562567|03|2028|992
5121072352562468|03|2029|757
5121072352561346|04|2024|911
5121072352560678|04|2027|243
5121072352567913|12|2032|234
5121072352563128|03|2028|952
5121072352562864|12|2033|189
5121072352560173|10|2029|982
5121072352560579|02|2024|971
5121072352564159|08|2024|148
5121072352568564|10|2032|465
5121072352568150|09|2031|260
5121072352566915|07|2024|807
5121072352564381|08|2028|746
5121072352566709|12|2025|971
5121072352567236|01|2024|498
5121072352569315|10|2027|477
5121072352563086|05|2033|202
5121072352566915|05|2030|441
5121072352569075|08|2035|757
5121072352566527|05|2027|288
5121072352568135|03|2029|511
5121072352568051|02|2029|321
5121072352569604|07|2024|129
5121072352561783|11|2029|571
5121072352563987|08|2032|541
5121072352565719|09|2035|542
5121072352561395|04|2027|387
5121072352563698|07|2025|955
5121072352560645|07|2025|452
5121072352560165|06|2027|460
5121072352564209|07|2032|962
5121072352565610|03|2027|347
5121072352565438|07|2030|566
5121072352569356|08|2025|350
5121072352561924|02|2026|984
5121072352562930|06|2030|914
5121072352560165|08|2025|665
5121072352561973|10|2025|787
5121072352568192|06|2032|222
5121072352565164|03|2031|410
5121072352561940|01|2028|963
5121072352560892|09|2033|905
5121072352568473|09|2030|473
5121072352563490|11|2035|842
5121072352563607|06|2035|899
5121072352562864|09|2035|643
5121072352564712|05|2034|251
5121072352561296|10|2027|770
5121072352561726|09|2032|708
5121072352561049|07|2026|778
5121072352567806|09|2024|344
5121072352566345|10|2024|865
5121072352560751|12|2026|670
5121072352565024|04|2035|221
5121072352561205|04|2029|354
5121072352564985|10|2028|591
5121072352562104|11|2027|757
5121072352561643|08|2034|160
5121072352566980|01|2025|613
5121072352567962|04|2029|979
5121072352566584|10|2029|923
5121072352562807|07|2026|644

